1,0.289377,273,79,194
274,0.27551,294,81,213
346,0.313492,252,79,173
28,0.268551,283,76,207
208,0.291228,285,83,202
45,0.247232,271,67,204
46,0.233577,274,64,210
47,0.268482,257,69,188
48,0.255814,258,66,192
49,0.301158,259,78,181
5,0.254753,263,67,196
50,0.289796,245,71,174
51,0.314176,261,82,179
347,0.338346,266,90,176
52,0.317518,274,87,187
195,0.302158,278,84,194
280,0.280156,257,72,185
13,0.303704,270,82,188
209,0.291829,257,75,182
53,0.289963,269,78,191
54,0.268939,264,71,193
55,0.279412,272,76,196
56,0.320611,262,84,178
57,0.32549,255,83,172
275,0.297872,282,84,198
58,0.286822,258,74,184
59,0.292969,256,75,181
6,0.320755,265,85,180
281,0.279152,283,79,204
60,0.316206,253,80,173
61,0.294737,285,84,201
21,0.316547,278,88,190
130,0.303571,280,85,195
62,0.30292,274,83,191
63,0.218868,265,58,207
348,0.265918,267,71,196
64,0.269962,263,71,192
65,0.258964,251,65,186
66,0.302239,268,81,187
67,0.284133,271,77,194
282,0.318352,267,85,182
68,0.317518,274,87,187
69,0.326165,279,91,188
7,0.328358,268,88,180
189,0.295203,271,80,191
210,0.348315,267,93,174
349,0.306773,251,77,174
70,0.289753,283,82,201
131,0.285185,270,77,193
71,0.292308,260,76,184
72,0.311355,273,85,188
73,0.315985,269,85,184
283,0.298507,268,80,188
74,0.322835,254,82,172
75,0.284722,288,82,206
76,0.232283,254,59,195
77,0.27037,270,73,197
107,0.282143,280,79,201
78,0.284211,285,81,204
211,0.332,250,83,167
79,0.251938,258,65,193
8,0.329787,282,93,189
132,0.29434,265,78,187
80,0.314079,277,87,190
197,0.265517,290,77,213
81,0.24812,266,66,200
82,0.265683,271,72,199
83,0.366038,265,97,168
202,0.313492,252,79,173
84,0.261194,268,70,198
85,0.333333,279,93,186
86,0.258427,267,69,198
212,0.322581,248,80,168
87,0.262238,286,75,211
88,0.325088,283,92,191
89,0.315217,276,87,189
284,0.30855,269,83,186
133,0.248062,258,64,194
9,0.249057,265,66,199
35,0.353175,252,89,163
90,0.281139,281,79,202
91,0.316794,262,83,179
92,0.308271,266,82,184
93,0.275362,276,76,200
94,0.336918,279,94,185
213,0.304511,266,81,185
95,0.289963,269,78,191
96,0.303846,260,79,181
285,0.276596,282,78,204
97,0.315175,257,81,176
123,0.30597,268,82,186
98,0.334532,278,93,185
101,0.287234,282,81,201
134,0.316176,272,86,186
99,0.277027,296,82,214
135,0.338182,275,93,182
136,0.307143,280,86,194
137,0.282686,283,80,203
214,0.284672,274,78,196
138,0.292254,284,83,201
286,0.288321,274,79,195
350,0.280576,278,78,200
139,0.277344,256,71,185
14,0.297491,279,83,196
140,0.293515,293,86,207
141,0.29562,274,81,193
142,0.275,280,77,203
102,0.24898,245,61,184
143,0.291513,271,79,192
144,0.292969,256,75,181
145,0.275194,258,71,187
11,0.248092,262,65,197
340,0.32526,289,94,195
351,0.257353,272,70,202
287,0.301887,265,80,185
146,0.33829,269,91,178
147,0.29588,267,79,188
148,0.317164,268,85,183
149,0.335878,262,88,174
15,0.266423,274,73,201
150,0.264228,246,65,181
151,0.311024,254,79,175
103,0.28,275,77,198
152,0.266904,281,75,206
352,0.30303,264,80,184
153,0.294355,248,73,175
117,0.292593,270,79,191
215,0.251678,298,75,223
154,0.273381,278,76,202
155,0.350394,254,89,165
156,0.286245,269,77,192
157,0.267925,265,71,194
158,0.27758,281,78,203
159,0.351648,273,96,177
16,0.293478,276,81,195
353,0.317857,280,89,191
160,0.282609,276,78,198
104,0.320312,256,82,174
269,0.242188,256,62,194
288,0.322449,245,79,166
161,0.253731,268,68,200
216,0.277154,267,74,193
162,0.348148,270,94,176
163,0.317073,287,91,196
164,0.3,280,84,196
165,0.301158,259,78,181
276,0.265233,279,74,205
166,0.29368,269,79,190
167,0.306818,264,81,183
168,0.311828,279,87,192
169,0.248175,274,68,206
289,0.252708,277,70,207
17,0.265385,260,69,191
105,0.333333,243,81,162
217,0.273408,267,73,194
170,0.245614,285,70,215
171,0.297398,269,80,189
354,0.259124,274,71,203
172,0.334615,260,87,173
173,0.268657,268,72,196
174,0.246377,276,68,208
175,0.318996,279,89,190
176,0.296992,266,79,187
29,0.285714,280,80,200
177,0.259928,277,72,205
178,0.309091,275,85,190
179,0.365019,263,96,167
218,0.274131,259,71,188
355,0.251969,254,64,190
106,0.317518,274,87,187
18,0.289116,294,85,209
180,0.256318,277,71,206
181,0.337165,261,88,173
182,0.284173,278,79,199
183,0.250965,259,65,194
290,0.303704,270,82,188
184,0.285156,256,73,183
185,0.29078,282,82,200
186,0.33829,269,91,178
356,0.281022,274,77,197
187,0.351648,273,96,177
19,0.311594,276,86,190
219,0.310606,264,82,182
188,0.282609,276,78,198
22,0.29562,274,81,193
220,0.344961,258,89,169
221,0.312741,259,81,178
291,0.301818,275,83,192
222,0.299625,267,80,187
223,0.296703,273,81,192
357,0.286713,286,82,204
110,0.276364,275,76,199
224,0.315789,266,84,182
225,0.301961,255,77,178
226,0.260377,265,69,196
190,0.272727,253,69,184
227,0.247273,275,68,207
228,0.275986,279,77,202
229,0.273764,263,72,191
108,0.256318,277,71,206
23,0.296296,270,80,190
203,0.324723,271,88,183
230,0.246377,276,68,208
231,0.358423,279,100,179
232,0.274648,284,78,206
111,0.285714,266,76,190
233,0.318996,279,89,190
234,0.314685,286,90,196
191,0.266436,289,77,212
235,0.248201,278,69,209
236,0.306202,258,79,179
292,0.245353,269,66,203
358,0.293103,290,85,205
237,0.305755,278,85,193
238,0.330909,275,91,184
239,0.284746,295,84,211
24,0.298182,275,82,193
240,0.317343,271,86,185
241,0.299652,287,86,201
112,0.326599,297,97,200
242,0.276753,271,75,196
192,0.333333,285,95,190
243,0.251748,286,72,214
201,0.294821,251,74,177
359,0.302721,294,89,205
293,0.259928,277,72,205
244,0.278388,273,76,197
245,0.291815,281,82,199
246,0.288889,270,78,192
247,0.327526,287,94,193
248,0.321033,271,87,184
249,0.289575,259,75,184
25,0.333333,267,89,178
250,0.280156,257,72,185
113,0.288973,263,76,187
124,0.25,276,69,207
193,0.286275,255,73,182
294,0.312253,253,79,174
251,0.267176,262,70,192
252,0.261818,275,72,203
253,0.279245,265,74,191
254,0.290196,255,74,181
255,0.299625,267,80,187
256,0.294776,268,79,189
257,0.310219,274,85,189
258,0.275591,254,70,184
36,0.314879,289,91,198
259,0.258182,275,71,204
26,0.324627,268,87,181
295,0.303371,267,81,186
194,0.261484,283,74,209
114,0.287234,282,81,201
260,0.265233,279,74,205
261,0.286765,272,78,194
262,0.289199,287,83,204
263,0.292308,260,76,184
264,0.363014,292,106,186
360,0.279352,247,69,178
265,0.291971,274,80,194
266,0.316547,278,88,190
267,0.270677,266,72,194
115,0.310204,245,76,169
296,0.267176,262,70,192
268,0.345455,275,95,180
118,0.291513,271,79,192
297,0.328063,253,83,170
298,0.28839,267,77,190
299,0.355469,256,91,165
196,0.275,280,77,203
3,0.25498,251,64,187
198,0.279851,268,75,193
30,0.275618,283,78,205
300,0.332046,259,86,173
301,0.312057,282,88,194
27,0.306273,271,83,188
302,0.328358,268,88,180
303,0.28777,278,80,198
304,0.307692,286,88,198
119,0.32197,264,85,179
361,0.210317,252,53,199
305,0.293233,266,78,188
306,0.327465,284,93,191
307,0.281746,252,71,181
199,0.311284,257,80,177
308,0.306273,271,83,188
309,0.313208,265,83,182
270,0.284091,264,75,189
31,0.262774,274,72,202
310,0.270175,285,77,208
311,0.279245,265,74,191
362,0.288462,260,75,185
312,0.237589,282,67,215
313,0.310606,264,82,182
12,0.30038,263,79,184
314,0.307692,286,88,198
315,0.333333,252,84,168
2,0.333333,267,89,178
316,0.30855,269,83,186
271,0.318182,264,84,180
317,0.32872,289,95,194
318,0.304511,266,81,185
363,0.291829,257,75,182
319,0.296296,270,80,190
32,0.290076,262,76,186
320,0.280702,285,80,205
321,0.263566,258,68,190
322,0.275472,265,73,192
120,0.266423,274,73,201
323,0.296578,263,78,185
20,0.269784,278,75,203
272,0.280899,267,75,192
324,0.260714,280,73,207
364,0.312268,269,84,185
325,0.266667,285,76,209
326,0.362963,270,98,172
327,0.27957,279,78,201
328,0.285185,270,77,193
329,0.273408,267,73,194
33,0.327645,293,96,197
330,0.265018,283,75,208
331,0.289575,259,75,184
121,0.283019,265,75,190
273,0.313433,268,84,184
365,0.360595,269,97,172
200,0.324324,296,96,200
332,0.265873,252,67,185
333,0.271429,280,76,204
334,0.300752,266,80,186
335,0.332192,292,97,195
336,0.319149,282,90,192
337,0.341549,284,97,187
338,0.291815,281,82,199
339,0.314488,283,89,194
34,0.287356,261,75,186
122,0.287313,268,77,191
204,0.32342,269,87,182
366,0.290909,275,80,195
367,0.286738,279,80,199
368,0.280769,260,73,187
100,0.260536,261,68,193
277,0.260714,280,73,207
125,0.32971,276,91,185
369,0.315018,273,86,187
37,0.297619,252,75,177
370,0.327206,272,89,183
341,0.298611,288,86,202
371,0.314394,264,83,181
372,0.271698,265,72,193
205,0.248031,254,63,191
373,0.278626,262,73,189
374,0.248031,254,63,191
375,0.323077,260,84,176
278,0.3125,272,85,187
376,0.25,276,69,207
377,0.304348,276,84,192
126,0.311355,273,85,188
342,0.29682,283,84,199
378,0.24812,266,66,200
379,0.287273,275,79,196
38,0.308271,266,82,184
380,0.329588,267,88,179
109,0.270992,262,71,191
381,0.334559,272,91,181
382,0.255639,266,68,198
10,0.301887,265,80,185
383,0.283525,261,74,187
384,0.287313,268,77,191
343,0.30597,268,82,186
385,0.299639,277,83,194
386,0.278986,276,77,199
127,0.29572,257,76,181
387,0.32,275,88,187
388,0.290323,279,81,198
389,0.278986,276,77,199
206,0.29368,269,79,190
39,0.280156,257,72,185
116,0.283019,265,75,190
390,0.305019,259,79,180
344,0.357143,266,95,171
391,0.304636,302,92,210
392,0.288809,277,80,197
393,0.339552,268,91,177
394,0.309524,252,78,174
395,0.278481,237,66,171
128,0.276364,275,76,199
396,0.292,250,73,177
397,0.280443,271,76,195
207,0.324723,271,88,183
279,0.321033,271,87,184
345,0.315385,260,82,178
398,0.284746,295,84,211
399,0.275618,283,78,205
4,0.363958,283,103,180
40,0.270161,248,67,181
400,0.322709,251,81,170
41,0.272388,268,73,195
42,0.291667,264,77,187
43,0.315412,279,88,191
129,0.291045,268,78,190
44,0.263566,258,68,190
